32 112 16 1 4 16 14 8 4 1
16 112 96 1 4 48 4 4 4 1
16 112 48 1 4 48 4 4 4 1
96 56 24 1 4 12 8 16 2 2
24 56 144 1 4 144 4 4 4 1
144 56 24 1 7 24 4 16 7 1
48 56 24 1 4 24 4 8 4 1
24 56 72 1 4 24 4 8 4 1
72 56 24 1 7 24 4 8 7 1
144 28 32 1 4 16 4 16 4 1
32 28 192 1 4 48 4 8 2 2
192 28 32 1 4 16 4 32 4 1
144 28 40 1 4 20 4 16 4 1
40 28 240 1 4 48 4 4 4 1
240 28 40 1 4 20 4 16 2 2
72 28 40 1 4 8 4 8 4 1
40 28 120 1 4 24 7 8 4 1
120 28 40 1 7 8 4 8 7 1
24 28 24 1 14 8 4 8 14 1
192 14 64 1 4 2 7 64 2 2
64 14 384 1 4 16 7 8 1 4
384 14 64 1 4 4 7 64 1 4
384 14 96 1 4 4 7 32 4 1
96 14 576 1 4 32 7 16 4 1
576 14 96 1 4 4 7 64 1 4
240 14 80 1 4 8 7 16 4 1
80 14 480 1 4 32 7 16 4 1
480 14 80 1 4 8 7 32 2 2
480 14 112 1 7 4 7 32 1 7
112 14 672 1 4 16 14 8 2 2
672 14 112 1 4 4 14 32 1 4
480 14 96 1 4 4 7 32 2 2
48 14 48 1 4 8 7 8 2 2
576 7 160 1 4 2 7 64 1 4
160 7 960 1 4 16 7 32 1 4
960 7 160 1 4 4 7 64 1 4
960 7 320 1 4 8 7 64 1 4
320 7 1280 1 4 20 7 32 1 4
672 7 192 1 4 4 7 32 1 4
192 7 1152 1 4 18 7 32 1 4
1152 7 192 1 4 4 7 64 1 4
1152 7 320 1 4 8 7 64 1 4
576 7 192 1 4 4 7 32 1 4
96 7 96 1 4 2 7 32 1 4
192 7 1024 1 4 16 7 16 1 4
32 112 16 8 4 16 14 4 4 1
16 112 96 8 4 96 8 2 4 1
16 112 48 8 4 48 4 4 4 1
96 56 24 8 4 24 14 8 4 1
24 56 144 8 4 144 4 4 4 1
144 56 24 8 4 24 14 8 4 1
48 56 24 8 4 24 7 8 4 1
24 56 72 8 4 24 7 8 4 1
72 56 24 8 4 24 7 8 4 1
144 28 32 8 4 16 14 16 2 2
32 28 192 8 4 96 14 4 2 2
192 28 32 8 4 16 14 16 2 2
144 28 40 8 4 40 7 16 4 1
40 28 240 8 4 80 14 4 4 1
240 28 40 8 4 40 7 16 4 1
72 28 40 8 4 40 4 8 4 1
40 28 120 8 4 40 4 8 4 1
120 28 40 8 4 40 4 8 4 1
24 28 24 8 4 24 7 8 4 1
192 14 64 8 4 16 14 32 2 2
64 14 384 8 4 64 14 8 2 2
384 14 64 8 4 8 14 32 2 2
384 14 96 8 4 16 14 32 2 2
96 14 576 8 7 192 7 1 7 1
576 14 96 8 4 16 14 32 2 2
240 14 80 8 4 20 14 16 2 2
80 14 480 8 4 240 7 4 4 1
480 14 80 8 4 8 14 32 2 2
480 14 112 8 4 28 14 16 2 2
112 14 672 8 4 48 14 4 2 2
672 14 112 8 4 28 14 16 2 2
480 14 96 8 4 24 14 8 2 2
48 14 48 8 4 8 14 8 2 2
576 7 160 8 4 8 7 64 1 4
160 7 960 8 4 120 7 8 1 4
960 7 160 8 4 8 7 64 1 4
960 7 320 8 4 10 7 32 1 4
320 7 1280 8 4 40 7 16 1 4
672 7 192 8 4 16 7 16 1 4
192 7 1152 8 4 36 7 16 1 4
1152 7 192 8 4 12 7 32 1 4
1152 7 320 8 4 40 7 16 1 4
576 7 192 8 4 16 7 16 1 4
96 7 96 8 4 8 7 16 1 4
192 7 1024 8 4 16 7 16 1 4
32 112 16 16 4 16 14 4 4 1
16 112 96 16 4 96 8 2 4 1
16 112 48 16 4 48 4 4 4 1
96 56 24 16 4 24 14 8 4 1
24 56 144 16 4 144 4 4 4 1
144 56 24 16 4 24 14 8 4 1
48 56 24 16 4 24 7 8 4 1
24 56 72 16 4 24 7 8 4 1
72 56 24 16 4 24 7 8 4 1
144 28 32 16 4 32 14 4 4 1
32 28 192 16 4 96 14 2 4 1
192 28 32 16 4 32 14 8 4 1
144 28 40 16 4 40 14 8 4 1
40 28 240 16 4 80 14 4 4 1
240 28 40 16 4 40 14 8 4 1
72 28 40 16 4 40 4 8 4 1
40 28 120 16 4 40 4 8 4 1
120 28 40 16 4 40 7 8 4 1
24 28 24 16 4 24 4 8 4 1
192 14 64 16 4 64 7 8 4 1
64 14 384 16 4 96 7 4 4 1
384 14 64 16 4 16 14 16 2 2
384 14 96 16 4 24 14 8 2 2
96 14 576 16 4 48 14 4 2 2
576 14 96 16 4 16 14 32 2 2
240 14 80 16 4 40 7 16 2 2
80 14 480 16 4 160 7 4 4 1
480 14 80 16 4 40 7 16 4 1
480 14 112 16 4 56 7 8 4 1
112 14 672 16 4 112 7 4 4 1
672 14 112 16 4 56 7 8 4 1
480 14 96 16 4 24 14 8 2 2
48 14 48 16 8 24 7 8 4 2
576 7 160 16 4 20 7 32 1 4
160 7 960 16 4 40 7 16 1 4
960 7 160 16 4 20 7 32 1 4
960 7 320 16 4 16 7 32 1 4
320 7 1280 16 4 40 7 16 1 4
672 7 192 16 4 24 7 32 1 4
192 7 1152 16 4 24 7 16 1 4
1152 7 192 16 4 24 7 32 1 4
1152 7 320 16 4 16 7 32 1 4
576 7 192 16 4 16 7 16 1 4
96 7 96 16 4 24 7 8 1 4
192 7 1024 16 4 32 7 8 1 4
32 112 16 32 4 16 14 4 4 1
16 112 96 32 4 96 8 2 4 1
16 112 48 32 4 48 4 4 4 1
96 56 24 32 4 24 14 8 4 1
24 56 144 32 4 144 4 4 4 1
144 56 24 32 4 24 14 8 4 1
48 56 24 32 4 24 7 8 4 1
24 56 72 32 4 24 7 8 4 1
72 56 24 32 4 24 7 8 4 1
144 28 32 32 4 32 14 8 4 1
32 28 192 32 4 96 4 4 4 1
192 28 32 32 4 32 14 8 4 1
144 28 40 32 4 40 14 8 4 1
40 28 240 32 4 80 14 4 4 1
240 28 40 32 4 40 14 8 4 1
72 28 40 32 4 40 4 8 4 1
40 28 120 32 4 40 4 8 4 1
120 28 40 32 4 40 7 8 4 1
24 28 24 32 4 24 4 8 4 1
192 14 64 32 4 32 14 8 2 2
64 14 384 32 4 64 7 4 4 1
384 14 64 32 4 32 14 8 2 2
384 14 96 32 4 24 14 8 2 2
96 14 576 32 4 48 14 4 2 2
576 14 96 32 4 48 7 8 4 1
240 14 80 32 4 40 7 8 4 1
80 14 480 32 4 240 7 4 4 1
480 14 80 32 4 40 7 8 4 1
480 14 112 32 4 56 7 8 4 1
112 14 672 32 4 112 7 4 4 1
672 14 112 32 4 56 7 8 4 1
480 14 96 32 4 24 14 8 2 2
48 14 48 32 4 48 7 4 4 1
576 7 160 32 4 20 7 16 1 4
160 7 960 32 7 96 7 2 7 1
960 7 160 32 4 20 7 16 1 4
960 7 320 32 4 40 7 16 1 4
320 7 1280 32 4 40 7 16 1 4
672 7 192 32 4 24 7 16 1 4
192 7 1152 32 7 96 7 2 7 1
1152 7 192 32 4 24 7 16 1 4
1152 7 320 32 4 20 7 16 1 4
576 7 192 32 4 16 7 16 1 4
96 7 96 32 4 24 7 8 1 4
192 7 1024 32 4 32 7 8 1 4
32 112 16 64 4 16 14 4 4 1
16 112 96 64 4 96 8 2 4 1
16 112 48 64 4 48 4 4 4 1
96 56 24 64 4 24 14 8 4 1
24 56 144 64 4 144 4 4 4 1
144 56 24 64 4 24 14 8 4 1
48 56 24 64 4 24 7 8 4 1
24 56 72 64 4 24 7 8 4 1
72 56 24 64 4 24 7 8 4 1
144 28 32 64 4 32 14 4 4 1
32 28 192 64 4 96 4 4 4 1
192 28 32 64 4 32 14 8 4 1
144 28 40 64 4 40 14 8 4 1
40 28 240 64 4 48 14 4 4 1
240 28 40 64 4 40 14 8 4 1
72 28 40 64 4 40 7 8 4 1
40 28 120 64 4 40 7 8 4 1
120 28 40 64 4 40 7 8 4 1
24 28 24 64 4 24 7 8 4 1
192 14 64 64 4 32 14 8 2 2
64 14 384 64 4 32 14 4 2 2
384 14 64 64 4 32 14 8 2 2
384 14 96 64 4 96 7 8 4 1
96 14 576 64 4 48 14 4 2 2
576 14 96 64 4 48 14 8 2 2
240 14 80 64 4 40 14 8 2 2
80 14 480 64 4 48 14 4 2 2
480 14 80 64 4 40 14 8 2 2
480 14 112 64 4 56 7 8 4 1
112 14 672 64 4 112 14 4 2 2
672 14 112 64 4 56 7 8 4 1
480 14 96 64 4 24 14 8 2 2
48 14 48 64 4 48 7 4 4 1
576 7 160 64 4 40 7 16 1 4
160 7 960 64 7 48 7 4 7 1
960 7 160 64 4 40 7 16 1 4
960 7 320 64 4 40 7 16 1 4
320 7 1280 64 4 40 7 16 1 4
672 7 192 64 4 24 7 16 1 4
192 7 1152 64 7 48 7 4 7 1
1152 7 192 64 4 24 7 16 1 4
1152 7 320 64 4 20 7 16 1 4
576 7 192 64 4 16 7 16 1 4
96 7 96 64 4 24 7 8 1 4
192 7 1024 64 4 32 7 8 1 4
